00000000010000000000000001101111
11111101000000010000000100010011
00000010100000010010011000100011
00000010100100010010010000100011
00000011001000010010001000100011
00000011001100010010000000100011
00000001010000010010111000100011
00000001010100010010110000100011
00000001011000010010101000100011
00000001011100010010100000100011
00000001100000010010011000100011
00000001100100010010010000100011
00000000000101010001011110110111
00000100010000000000011100010011
00000000111001111010000000100011
00000010111001111010011000100011
00000000001000000000011100010011
00000000000101010001011110110111
00000000111001111010010000100011
00000000000101010001011110110111
00000000000001111010011000100011
00000000000101010001011110110111
00000000111001111010110000100011
00000000000101010001011110110111
00000000000001111010111000100011
00000000000101010001011110110111
00000010111001111010000000100011
00000000000101010001011110110111
00000000011000000000011100010011
00000010111001111010001000100011
00000000000101010001011110110111
00000000010000000000011100010011
00000010111001111010010000100011
00000000000101010001011110110111
00000000100100000000011100010011
00000010111001111010100000100011
00000000000101010001011110110111
00000010000001111010101000100011
00000000000000000000011100010011
00000000000101100000011110110111
11111111111100000000011000010011
00000110010000000000010110010011
00000000001101110001011010010011
00000000110101111000011010110011
00000000110001101010000000100011
00000000110001101010001000100011
00000000000101110000011100010011
11111110101101110001011011100011
00000000000001111010000000100011
00000000000100000000010110010011
00000000000001111010001000100011
00000000101101111010010000100011
00000000000101100101011100110111
00000000000001111010011000100011
00000000101101110010000000100011
00000000000001110010001000100011
00000000101101110010010000100011
00000000101101110010011000100011
00000000000001110010100000100011
00000000101101110010101000100011
00000000101101110010110000100011
00000000101101110010111000100011
00000010101101110010000000100011
00000010000001110010001000100011
00000010000001110010010000100011
00000010101101110010011000100011
00000010000001110010100000100011
00000010000001110010101000100011
00000010101101110010110000100011
00000010101101110010111000100011
00000100101101110010000000100011
00000100101101110010001000100011
00000100000001110010010000100011
00000100000001110010011000100011
00000100101101110010100000100011
00000100000001110010101000100011
00000100101101110010110000100011
00000100101101110010111000100011
00000110000001110010000000100011
00000110000001110010001000100011
00000110101101110010010000100011
00000110101101110010011000100011
00000110101101110010100000100011
00000110101101110010101000100011
00000110101101110010110000100011
00000110101101110010111000100011
00001000101101110010000000100011
00001000000001110010001000100011
00001000000001110010010000100011
00001000101101110010011000100011
00001000101101110010100000100011
00001000101101110010101000100011
00001000101101110010110000100011
00001000101101110010111000100011
00001010000001110010000000100011
00001010000001110010001000100011
00001010101101110010010000100011
00001010101101110010011000100011
00001010101101110010100000100011
00001010000001110010101000100011
00001010101101110010110000100011
00001010000001110010111000100011
00001100101101110010000000100011
00001100101101110010001000100011
00001100000001110010010000100011
00001100000001110010011000100011
00001100101101110010100000100011
00001100000001110010101000100011
00001100000001110010110000100011
00001100101101110010111000100011
00001110000001110010000000100011
00001110101101110010001000100011
00001110101101110010010000100011
00001110101101110010011000100011
00001110000001110010100000100011
00001110101101110010101000100011
00001110000001110010110000100011
00001110101101110010111000100011
00010000101101110010000000100011
00010000000001110010001000100011
00010000000001110010010000100011
00010000101101110010011000100011
00010000000001110010100000100011
00010000000001110010101000100011
00010000101101110010110000100011
00010000000001110010111000100011
00010010101101110010000000100011
00010010101101110010001000100011
00000000000000000010111000110111
00000000000000001000001100110111
00010010101101110010010000100011
11100000000011100000111000010011
10000000000000110000001100010011
00000000000000000000010100010011
00000000000101010101100010110111
00000000010100000000111010010011
00000000001000000000010010010011
00000000101000000000010000010011
00001111000000000000001110010011
00000000010000000000001010110111
00000000000101010001111110110111
00000100010000000000111100010011
00000000010001010001100000010011
01000000101010000000100000110011
00000000001010000001100000010011
00000001011100000000011000010011
00000000000000000000011010010011
00000000000101101001011110010011
00000000110101111000011110110011
00000000001001111001011110010011
00000001000001111000011110110011
00000000111101110000011110110011
00000000000001111010100110000011
00000000001001100001100100010011
00000001001010001000100100110011
00000001001110010010000000100011
00000000010001111010100110000011
00000000000101100000100100010011
00000000001010010001100100010011
00000001001010001000100100110011
00000001001110010010000000100011
00000000100001111010100100000011
00000000001001100000011110010011
00000000001001111001011110010011
00000000111110001000011110110011
00000000000101101000011010010011
00000001001001111010000000100011
00000000101001100000011000010011
11111011110101101001011011100011
00000000010000000000100000110111
00000000000000000010100100110111
00001000010010000000100000010011
11100000000010010000100100010011
00000000000000000000101100010011
00000000000000000000101010010011
00000000000000000000101000010011
00000000010110101001110000010011
00000000000010000000101110010011
00000000000000000000100110010011
00000001011010011000011110110011
00000000001001111001011110010011
00000000111110001000011110110011
00000000000001111010011110000011
11111111111100000000011000010011
00000000101101111000100001100011
00000000111111110000011000110111
00000000100101111000010001100011
00000000000000000000011000010011
00000000000010111000011010010011
00000000000011000000110010010011
11111000000001101000011110010011
00000000110001111010000000100011
00000000010001111000011110010011
11111110110101111001110011100011
00010100000011001000110010010011
01010000000001111000011010010011
11111111001011001001010011100011
00000000000110011000100110010011
00001000000010111000101110010011
11111010100010011001100011100011
00000001100010100000101000010011
00000001110011001000100100110011
00001111000010101000101010010011
00000000011010000000100000110011
00000000101010110000101100010011
11111000011110100001011011100011
00000000000000011000011110110111
00000000000000101010000000100011
01101010000001111000011110010011
00000001111011111010000000100011
11111111111101111000011110010011
11111110000001111001110011100011
00000000000101010000010100010011
11101111110101010001001011100011
00000000000000000000011110010011
00000000000101010101011100110111
00000000101000000000010110010011
00000000000001111000011010010011
00000110010001111000010100010011
00000000001001101001011000010011
00000000110001110000011000110011
00000000000001100010000000100011
00000000101001101000011010010011
11111110101001101001100011100011
00000000000101111000011110010011
11111110101101111001000011100011
00000000010000000000011110110111
00000000000001111010000000100011
00000000000101100000011010110111
00000000010001101010010110000011
00000000000001101010010100000011
00000000000100000000011000010011
00000000001001011001011110010011
00000000101101111000011110110011
00000000000101111001011110010011
00000000101001111000011110110011
00000000001001111001011110010011
00000000111101110000011110110011
00000000110001111010000000100011
00000000110001101010010110000011
00000000100001101010010100000011
00000000000101010001011010110111
00000000001001011001011110010011
00000000101101111000011110110011
00000000000101111001011110010011
00000000101001111000011110110011
00000000001001111001011110010011
00000000111101110000011110110011
00000000110001111010000000100011
00000000100001101010010110000011
00000000110001101010011010000011
00000000000101010001100000110111
00000010100010000000100000010011
00000000001001101001011110010011
00000000110101111000011110110011
00000000000101111001011110010011
00000000101101111000011110110011
00000000001001111001011110010011
00000000111101110000011110110011
00000000110001111010000000100011
00000000000010000010011010000011
00000000000101010001010100110111
00000010010001010000010100010011
00000000001001101001011110010011
00000000110101111000011110110011
00000000000001010010011010000011
00000000000101111001011110010011
00000000001000000000111010010011
00000000110101111000011110110011
00000000001001111001011110010011
00000000111101110000011100110011
00000001110101110010000000100011
00110000010000000101001011110011
00000000000000000000001110010111
01001011000000111000001110010011
00110000010100111001001011110011
00110000010000001101001011110011
00000000000101010001011100110111
00000000100001110010011010000011
00000000110001110010011000000011
00000000000001110010011110000011
00000000000101010001100010110111
00000000000101010001111100110111
00000000000101010001111000110111
00000101011100000000010110010011
00000010110010001000100010010011
00000011000011110000111100010011
00000011010011100000111000010011
11111111111100000000001010010011
00000000100100000000001100010011
00000000101000000000111110010011
00010010101101111000011001100011
00000100000100000000011100010011
00011000111001111000011001100011
00000101001100000000001110010011
00010100011101111001100001100011
00000000000010001010011110000011
00010010101101111000000001100011
00000000000010001010011100000011
00000101011100000000011110010011
00000000111101110000110001100011
00000000000101010001011110110111
00000000110101111010100000100011
00000000000101100000011100010011
00000000000101010001011110110111
00000000111001111010101000100011
00000101001100000000011110010011
00000000111110001010000000100011
00000000000101010001011110110111
00000001000001111010010000000011
00000000000101010001011110110111
00000001010001111010001110000011
00000000101001000011011110010011
00000000000001111000011001100011
00000000101000111011011110010011
00010110000001111001001001100011
00000000010000000000100100110111
00000000000000000010101000110111
00000000000000001000100110110111
00001000010010010000100100010011
11100000000010100000101000010011
10000000000010011000100110010011
00000000000000000000001110010011
00000000000101010101101100110111
00000000000100000000101010010011
00000000010000111001010010010011
01000000011101001000010010110011
00000000001000111001010000010011
00000000100101001001010010010011
00000000011101000000010000110011
00000001010001001000010110110011
00000000000101000001010000010011
00000000000010010000110000010011
00000000000000000000101110010011
00000000100010111000011110110011
00000000001001111001011110010011
00000000111110110000011110110011
00000000000001111010011110000011
11111111111100000000011010010011
00000001010101111000100001100011
00000000111111110000011010110111
00000001110101111000010001100011
00000000000000000000011010010011
00000000000011000000011100010011
00000000000001001000011000010011
11111000000001110000011110010011
00000000110101111010000000100011
00000000010001111000011110010011
11111110111101110001110011100011
00010100000001100000011000010011
01010000000001110000011100010011
11111110101101100001010011100011
00000000000110111000101110010011
00001000000011000000110000010011
11111011111110111001100011100011
00000000000100111000001110010011
00000001001110010000100100110011
11111001111100111001000011100011
00000000010000000000011110110111
00000000000001111010000000100011
00000000000101010001011100110111
00000000100001110010011010000011
00000000110001110010011000000011
00000000000001110010011110000011
00000101011100000000010110010011
11101100101101111001111011100011
00000000000010001010011100000011
00000101001100000000011110010011
11101110111101110000010011100011
00000000000010001010011100000011
00000101001100000000011110010011
00000000111101110000110001100011
00000000000101010001011110110111
00000000110101111010100000100011
11111111111101100000011100010011
00000000000101010001011110110111
00000000111001111010101000100011
00000101011100000000011110010011
11101110010111111111000001101111
00000100010000000000010110010011
00101110101101111001011001100011
00000000000010001010011110000011
00000010111001111000101001100011
00000000000010001010011100000011
00000100000100000000011110010011
00000000111101110000101001100011
00000000000101010001011100110111
00000000000101101000010110010011
00000000101101110010100000100011
00000000110001110010101000100011
00000100010000000000011110010011
11101011000111111111000001101111
00000000000010001010011100000011
00000100010000000000011110010011
11111100111101110000101011100011
00000000000010001010011100000011
00000100010000000000011110010011
00000000111101110000101001100011
00000000000101010001011100110111
11111111111101101000010110010011
00000000101101110010100000100011
00000000110001110010101000100011
00000100000100000000011110010011
11101000000111111111000001101111
00000000001000111001011110010011
00000000011101111000011110110011
00000000000101111001011110010011
00000000100001111000011110110011
00000000000101010101011100110111
00000000001001111001011110010011
00000000111001111000011110110011
00000000000001111010010110000011
00000000000100000000011100010011
00000000111001011001010001100011
00000000000100000000000001110011
00000000000101010001011100110111
00000000100001110010010000100011
00000000000101010001011100110111
00000000011101110010011000100011
00000000000100000000011100010011
00000000111001111010000000100011
00000000000101010001011100110111
00000010000001110010010110000011
00000000000101100000010010110111
00000110001100000000100100010011
00000000001101011001010110010011
00000000101101001000010110110011
00000000110101011010000000100011
00000010000001110010010110000011
00000010000001110000011100010011
00000000001101011001010110010011
00000000101101001000010010110011
00000000110001001010001000100011
00000000000001110010010110000011
00000000000101011000010110010011
00000000101101110010000000100011
00000000000001110010010110000011
00000000101110010111010001100011
00000000000001110010000000100011
00000000000001010010011100000011
00001010111001000000000001100011
00000000000101010001011110110111
00000001110001111010011010000011
00000000000101100000011100110111
00000001110001111000011110010011
00000000001101101001011010010011
00000000110101110000011010110011
00000000000001101010011010000011
00000100010101101000110001100011
00000000000001111010011010000011
00000000001101101001011010010011
00000000110101110000011010110011
00000000010001101010011010000011
00000100010101101000001001100011
00000000000001111010011010000011
00000000000101010101011000110111
00000000001101101001011010010011
00000000110101110000011010110011
00000000010001101010010110000011
00000000000001111010011010000011
00000000001001011001011110010011
00000000001101101001011010010011
00000000110101110000011100110011
00000000000001110010011100000011
00000000101101111000011110110011
00000000000101111001011110010011
00000000111001111000011110110011
00000000001001111001011110010011
00000000111101100000011110110011
00000000000001111010000000100011
00000000000101010001011110110111
00000001110001111010011100000011
00000110001100000000011010010011
00000001110001111000011110010011
00000000000101110000011100010011
00000000111001111010000000100011
00000000000001111010011100000011
11010110111001101111111011100011
00000000000001111010000000100011
11010111010111111111000001101111
00000000000010000010011100000011
11110110111000111001000011100011
00000000000100000000011100010011
00000000111001111010000000100011
00000000000101010001011110110111
00000001100001111010010110000011
00000110001100000000011100010011
00000001100001111000011110010011
00000000101101110110100001100011
00000000000001111010011100000011
00000000000101110000011100010011
00000000111001111010000000100011
00000000000101010101011100110111
00001101100000000000000001101111
00000000000001010010011110000011
00000000111101101000011110110011
00000000000101111001011110010011
00000000001101111000011110010011
00000000111101010010000000100011
00000000000001010010011110000011
00000010111100110111001001100011
00000000000001010010011110000011
11111111011001111000011110010011
00000000111101010010000000100011
00000000000001010010011110000011
00000000111100110111100001100011
00000000000001010010011110000011
11111111011001111000011110010011
00000000111101010010000000100011
00000000000010000010011110000011
00000000111101100000011110110011
00000000000101111000011110010011
00000000000101111001011110010011
00000000111110000010000000100011
00000000000010000010011110000011
00000010111100110111001001100011
00000000000010000010011110000011
11111111011001111000011110010011
00000000111110000010000000100011
00000000000010000010011110000011
00000000111100110111100001100011
00000000000010000010011110000011
11111111011001111000011110010011
00000000111110000010000000100011
00000000000001010010011110000011
00000000000001010010011110000011
00000000111100110111011001100011
00000000000011110010011110000011
00000000111101010010000000100011
00000000000010000010011110000011
00000000000010000010011110000011
00000000111100110111011001100011
00000000000011100010011110000011
00000000111110000010000000100011
00000000000011110010011110000011
00000000000101111000011110010011
00000000111111110010000000100011
00000000000011100010011110000011
00000000000101111000011110010011
00000000111111100010000000100011
00000000000011110010011110000011
00000000000011110010011110000011
00000000111100110111010001100011
00000000000011110010000000100011
00000000000011100010011110000011
00000000000011100010011110000011
00000110111100110110001001100011
00000000000010000010010110000011
00000000000001010010001110000011
00000000001001011001011110010011
00000000101101111000011110110011
00000000000101111001011110010011
00000000011101111000011110110011
00000000001001111001011110010011
00000000111101110000011110110011
00000000000001111010011110000011
11110000000001111001010011100011
00000000000010000010011010000011
00000000000001010010011000000011
00000000001001101001011110010011
00000000110101111000011110110011
00000000000101111001011110010011
00000000110001111000011110110011
00000000001001111001011110010011
00000000111101110000011100110011
00000001110101110010000000100011
11000001100111111111000001101111
00010000000000000000011100010011
10111110111001111001011011100011
00000000000100000000000001110011
10111110010111111111000001101111
00000000000011100010000000100011
11111001110111111111000001101111
11111000010000010000000100010011
00000000000000010010000000100011
00000000000100010010001000100011
00000000001000010010010000100011
00000000001100010010011000100011
00000000010000010010100000100011
00000000010100010010101000100011
00000000011000010010110000100011
00000000011100010010111000100011
00000010100000010010000000100011
00000010100100010010001000100011
00000010101000010010010000100011
00000010101100010010011000100011
00000010110000010010100000100011
00000010110100010010101000100011
00000010111000010010110000100011
00000010111100010010111000100011
00000101000000010010000000100011
00000101000100010010001000100011
00000101001000010010010000100011
00000101001100010010011000100011
00000101010000010010100000100011
00000101010100010010101000100011
00000101011000010010110000100011
00000101011100010010111000100011
00000111100000010010000000100011
00000111100100010010001000100011
00000111101000010010010000100011
00000111101100010010011000100011
00000111110000010010100000100011
00000111110100010010101000100011
00000111111000010010110000100011
00000111111100010010111000100011
00110100001100000010011101110011
00000101011100000000011110010011
00001010111001111100100001100011
00000100000000000000011110010011
00000010111001111101001001100011
00000000010001000000011110110111
00000000100101111000011110010011
11111011111101110000011010010011
00000000110101111101011110110011
00000000000101111111011110010011
00000000000001111000011001100011
00000000000101010001011110110111
00000000111001111010000000100011
00000000000000010010000000000011
00000000010000010010000010000011
00000000100000010010000100000011
00000000110000010010000110000011
00000001000000010010001000000011
00000001010000010010001010000011
00000001100000010010001100000011
00000001110000010010001110000011
00000010000000010010010000000011
00000010010000010010010010000011
00000010100000010010010100000011
00000010110000010010010110000011
00000011000000010010011000000011
00000011010000010010011010000011
00000011100000010010011100000011
00000011110000010010011110000011
00000100000000010010100000000011
00000100010000010010100010000011
00000100110000010010100110000011
00000101000000010010101000000011
00000101010000010010101010000011
00000101100000010010101100000011
00000101110000010010101110000011
00000110000000010010110000000011
00000110010000010010110010000011
00000110100000010010110100000011
00000110110000010010110110000011
00000111000000010010111000000011
00000111010000010010111010000011
00000111100000010010111100000011
00000111110000010010111110000011
00110000001000000000000001110011
00000000000000001000000001100111
00010000000000000000011110010011
11110110111101110001110011100011
11110110110111111111000001101111
